3.931801666666666506e+01
3.931153333333333677e+01
3.930859999999999843e+01
3.930704999999999671e+01
3.930481666666666740e+01
3.930273333333333596e+01
3.930075000000000074e+01
3.929603333333333381e+01
3.929120000000000346e+01
3.928649999999999665e+01
3.927958333333333485e+01
3.927720000000000056e+01
3.926406666666666467e+01
3.925138333333333662e+01
3.923501666666666665e+01
3.921475000000000222e+01
3.919376666666666864e+01
3.917125000000000057e+01
3.913761666666666628e+01
3.910210000000000008e+01
3.906228333333333325e+01
3.904793333333333294e+01
3.903810000000000002e+01
3.902608333333333235e+01
3.901098333333333557e+01
3.899498333333333022e+01
3.895805000000000007e+01
3.894993333333333396e+01
3.892568333333333186e+01
3.887221666666666664e+01
3.881746666666666812e+01
3.876891666666666936e+01
3.874289999999999878e+01
3.871835000000000093e+01
3.867009999999999792e+01
3.862091666666666612e+01
3.857565000000000310e+01
3.852958333333333485e+01
3.848148333333333682e+01
3.843066666666666720e+01
3.838111666666666366e+01
3.833546666666666880e+01
3.828665000000000163e+01
3.814081666666666592e+01
