2.550933333333333053e+00
2.554283333333333239e+00
2.554566666666666652e+00
2.551050000000000040e+00
2.548283333333333456e+00
2.549266666666666570e+00
2.550433333333333330e+00
2.551633333333333198e+00
2.553416666666666668e+00
2.554199999999999804e+00
2.555516666666666659e+00
2.556033333333333601e+00
2.563649999999999984e+00
2.573983333333333512e+00
2.586050000000000182e+00
2.598016666666666641e+00
2.612533333333333374e+00
2.628716666666666590e+00
2.651666666666666838e+00
2.671483333333333210e+00
2.692166666666666597e+00
2.727549999999999919e+00
2.755533333333333168e+00
2.782166666666666899e+00
2.806383333333333230e+00
2.829899999999999860e+00
2.871850000000000236e+00
2.954966666666666519e+00
2.953366666666666696e+00
2.950916666666666632e+00
2.938250000000000028e+00
2.923283333333333456e+00
2.920066666666666588e+00
2.913133333333333130e+00
2.897850000000000037e+00
2.878316666666666634e+00
2.853149999999999853e+00
2.836316666666666819e+00
2.824516666666666787e+00
2.811749999999999972e+00
2.793683333333333518e+00
2.778649999999999842e+00
2.767516666666666847e+00
2.709500000000000242e+00
